P2 : 668.1466820074132 0.0 594.8580262857486 0.0 671.1517956172056 358.6677085328934 0.0 0.0 1.0 
P3: 670.1618997438156 0.0 651.3273660054874 0.0 673.3302913626269 347.52476471023095 0.0 0.0 1.0 